[CameraParams]
resolution = [816 612]
cx         = 4.111880081544672e+02
cy         = 3.002522002707203e+02
fx         = 7.109873657590339e+02
fy         = 7.083086677942449e+02
dist       = [9.1905943421586769e-02 -1.8998694371119626e-01 -3.3595070182219989e-03 3.8094843742620175e-04 1.3331959288356715e-01]
