[MarkerTestFile]
markerSize=9
id0=80
corners0=[25.9841, 366.497, 63.7159, 362.556, 65.3543, 395.972, 28.2651, 401]
pose0=[-1.306537747, 0.294125110, 2.575726509, -2.892261267, 0.070248418, -1.120370030]
id1=90
corners1=[105.438880920, 214.765625000, 135.700271606, 215.119216919, 137.096496582, 243.760879517, 107.038764954, 244.596694946]
pose1=[-1.221976399, -0.297389627, 3.032532215, -2.836661339, 0.057722803, -1.039264560]
id2=100
corners2=[384.999603271, 209.998962402, 403.999969482, 209.998626709, 403.999969482, 233.909683228, 384.999633789, 234.209381104]
pose2=[-0.085330591, -0.403492332, 3.663388491, 3.075035572, -0.062194049, 1.081683517]
id3=103
corners3=[743.197143555, 121.807380676, 780.917419434, 116.386138916, 779.658386230, 154.795898438, 741.719238281, 158.910140991]
pose3=[1.156505585, -0.536109805, 2.388056040, 2.899154186, 0.041901786, -1.371895432]
id4=110
corners4=[473.001159668, 208.114822388, 491.075439453, 206.719604492, 491.075378418, 233.072052002, 473.000976562, 233.855270386]
pose4=[0.335742712, -0.379972726, 3.385305643, 2.884703159, 0.034296218, -1.401177049]
id5=120
corners5=[610.054138184, 202.302139282, 637.528991699, 201.099761963, 635.845947266, 233.392807007, 608.701354980, 232.796142578]
pose5=[0.833635271, -0.326561123, 2.825073957, -2.768643379, -0.082043320, 1.296323299]
id6=340
corners6=[241.588378906, 230.318435669, 264.209014893, 228.909774780, 266.416564941, 253.872726440, 243.820999146, 256.127655029]
pose6=[-0.760158360, -0.280765831, 3.458156109, 3.027137041, -0.159650192, 1.165449381]
id7=712
corners7=[740.235046387, 319.262969971, 777.391113281, 323.170104980, 774.908569336, 359.278259277, 738.077941895, 354.423217773]
pose7=[1.178696394, 0.134519488, 2.452770710, -2.780149460, -0.083181053, 1.281538606]
id8=714
corners8=[736.935119629, 440.200531006, 773.301025391, 447.369995117, 772.056274414, 482.527709961, 735.741455078, 474.016052246]
pose8=[1.193753242, 0.563997805, 2.506186008, 2.926414490, 0.047970034, -1.314277411]
